#  RestFreq(Hz) T(K)
238857793587.09949  3.23850
238858922681.41214  3.63933
238860051775.72482  2.59438
238861180870.03748  0.99119
238862309964.35013  0.49713
238863439058.66278  0.44134
238864568152.97546  0.29649
238865697247.28812  0.16336
238866826341.60077  0.56137
238867955435.91345  2.21494
238869084530.22610  3.67267
238870213624.53876  3.73948
238871342718.85141  3.55253
238872471813.16409  3.62342
238873600907.47675  3.19262
238874730001.78940  1.43803
238875859096.10208  0.17104
238876988190.41473  -0.04058
238878117284.72739  -0.23937
238879246379.04004  -0.26972
238880375473.35272  -0.21275
238881504567.66537  -0.11322
238882633661.97803  -0.11482
238883762756.29071  -0.02895
238884891850.60336  0.24677
238886020944.91602  0.59350
238887150039.22870  1.42007
238888279133.54135  2.41761
238889408227.85400  4.23075
238890537322.16666  5.37877
238891666416.47934  5.14097
238892795510.79199  5.20338
238893924605.10464  5.08332
238895053699.41733  4.20050
238896182793.72998  2.41208
238897311888.04263  0.53200
238898440982.35529  0.92118
238899570076.66797  1.59286
238900699170.98062  2.06952
238901828265.29327  2.03741
238902957359.60596  2.47105
238904086453.91861  4.04173
238905215548.23126  4.96271
238906344642.54391  3.92471
238907473736.85660  3.85448
238908602831.16925  4.12300
238909731925.48190  5.02535
238910861019.79459  6.73480
238911990114.10724  10.12785
238913119208.41989  13.13283
238914248302.73254  14.13739
238915377397.04523  12.91920
238916506491.35788  10.23916
238917635585.67053  6.66421
238918764679.98322  3.33001
238919893774.29587  1.48175
238921022868.60852  0.49596
238922151962.92117  0.21372
238923281057.23386  -0.18856
238924410151.54651  -0.20896
238925539245.85916  -0.05178
238926668340.17184  0.12652
238927797434.48450  0.26124
238928926528.79715  0.46208
238930055623.10980  0.59251
238931184717.42249  0.73207
238932313811.73514  0.84865
238933442906.04779  0.75454
238934572000.36047  0.69409
238935701094.67313  0.61911
238936830188.98578  0.65246
238937959283.29843  0.42047
238939088377.61111  0.24928
238940217471.92377  0.39946
238941346566.23642  0.65323
238942475660.54910  0.81015
238943604754.86176  1.80763
238944733849.17441  3.18201
238945862943.48709  5.26497
238946992037.79974  6.94752
238948121132.11240  7.02925
238949250226.42505  6.29220
238950379320.73773  5.55162
238951508415.05038  3.84129
238952637509.36304  1.46557
238953766603.67572  0.09666
238954895697.98837  0.17670
238956024792.30103  0.45818
238957153886.61368  0.77900
238958282980.92636  0.82637
238959412075.23901  0.86217
238960541169.55167  1.08861
238961670263.86435  1.36200
238962799358.17700  1.44501
238963928452.48965  1.43961
238965057546.80231  1.66672
238966186641.11499  2.08620
238967315735.42764  2.37219
238968444829.74030  2.78247
238969573924.05298  5.22769
238970703018.36563  11.49496
238971832112.67828  16.72719
238972961206.99094  20.37038
238974090301.30362  22.66569
238975219395.61627  20.36219
238976348489.92892  16.09336
238977477584.24161  13.19069
238978606678.55426  12.48428
238979735772.86691  11.82129
238980864867.17957  10.30146
238981993961.49225  8.36967
238983123055.80490  5.90841
238984252150.11755  3.12629
238985381244.43024  1.71446
238986510338.74289  1.05381
238987639433.05554  1.20766
238988768527.36819  1.35450
238989897621.68088  1.39985
238991026715.99353  1.48708
238992155810.30618  2.03270
238993284904.61887  2.77418
238994413998.93152  2.86353
238995543093.24417  2.67983
238996672187.55685  1.93876
238997801281.86951  2.71925
238998930376.18216  2.68116
239000059470.49481  4.39879
239001188564.80750  7.19395
239002317659.12015  8.17452
239003446753.43280  8.57146
239004575847.74548  7.30883
239005704942.05814  5.53434
239006834036.37079  3.12927
239007963130.68344  1.63708
239009092224.99612  1.41928
239010221319.30878  1.51058
239011350413.62143  2.05845
239012479507.93411  3.10721
239013608602.24677  4.93379
239014737696.55942  8.68064
239015866790.87207  10.28850
239016995885.18475  11.59903
239018124979.49741  12.45046
239019254073.81006  14.37608
239020383168.12274  16.64394
239021512262.43539  19.98476
239022641356.74805  23.01680
239023770451.06070  24.79606
239024899545.37338  24.10274
239026028639.68604  19.23799
239027157733.99869  13.69956
239028286828.31137  9.36813
239029415922.62402  6.47597
239030545016.93668  4.89031
239031674111.24933  3.97497
239032803205.56201  3.94511
239033932299.87466  3.54719
239035061394.18732  2.71617
239036190488.50000  1.50697
239037319582.81265  0.38198
239038448677.12531  -0.08189
239039577771.43796  -0.35318
239040706865.75064  -0.57362
239041835960.06329  -0.68827
239042965054.37595  -0.79343
239044094148.68863  -0.76411
239045223243.00128  -0.68709
239046352337.31393  -0.70620
239047481431.62662  -0.70367
239048610525.93927  -0.58362
239049739620.25192  -0.55745
239050868714.56458  -0.52285
239051997808.87726  -0.14384
239053126903.18991  -0.04217
239054255997.50256  0.14805
239055385091.81525  0.49992
239056514186.12790  0.64766
239057643280.44055  1.42727
239058772374.75320  2.04269
239059901469.06589  2.56863
239061030563.37854  4.64321
239062159657.69119  10.23730
239063288752.00388  17.56176
239064417846.31653  22.63455
239065546940.62918  27.51318
239066676034.94183  26.23677
239067805129.25452  20.69475
239068934223.56717  13.57313
239070063317.87982  8.12047
239071192412.19250  4.54881
239072321506.50516  2.82155
239073450600.81781  1.91802
239074579695.13046  1.51114
239075708789.44315  0.71341
239076837883.75580  0.59747
239077966978.06845  0.48013
239079096072.38113  0.61013
239080225166.69379  0.64529
239081354261.00644  0.87607
239082483355.31909  1.29557
239083612449.63177  1.58154
239084741543.94443  1.93932
239085870638.25708  2.01971
239086999732.56976  1.79691
239088128826.88242  2.13555
239089257921.19507  2.14455
239090387015.50772  3.05853
239091516109.82040  3.48226
239092645204.13306  5.15131
239093774298.44571  10.63266
239094903392.75839  19.33596
239096032487.07104  26.76115
239097161581.38370  33.54500
239098290675.69635  36.79702
239099419770.00903  31.77272
239100548864.32169  23.45774
239101677958.63434  15.39829
239102807052.94702  9.93752
239103936147.25967  6.18350
239105065241.57233  3.96690
239106194335.88501  2.46335
239107323430.19766  1.88998
239108452524.51031  2.30359
239109581618.82297  1.98760
239110710713.13565  1.77042
239111839807.44830  2.25410
239112968901.76096  2.31568
239114097996.07364  2.87103
239115227090.38629  4.08459
239116356184.69894  7.32618
239117485279.01160  15.23987
239118614373.32428  22.82039
239119743467.63693  28.59063
239120872561.94958  33.94181
239122001656.26227  31.66911
239123130750.57492  24.90215
239124259844.88757  16.71132
239125388939.20023  11.22766
239126518033.51291  7.81415
239127647127.82556  5.96997
239128776222.13821  6.06258
239129905316.45090  7.70120
239131034410.76355  14.97469
239132163505.07620  22.88115
239133292599.38885  29.35808
239134421693.70154  34.31066
239135550788.01419  35.68888
239136679882.32684  34.75160
239137808976.63953  33.85008
239138938070.95218  33.74062
239140067165.26483  31.38326
239141196259.57748  26.79824
239142325353.89017  20.32646
239143454448.20282  12.50923
239144583542.51547  8.55824
239145712636.82816  5.96201
239146841731.14081  4.00616
239147970825.45346  2.54958
239149099919.76611  1.75840
239150229014.07880  1.69759
239151358108.39145  1.04965
239152487202.70410  1.05816
239153616297.01678  0.76831
239154745391.32944  0.37944
239155874485.64209  -0.01658
239157003579.95477  -0.31318
239158132674.26743  -0.53105
239159261768.58008  -0.57833
239160390862.89273  -0.68492
239161519957.20541  -0.79314
239162649051.51807  -0.96295
239163778145.83072  -0.73595
239164907240.14340  -0.61838
239166036334.45605  -0.50966
239167165428.76871  -0.34222
239168294523.08136  -0.11655
239169423617.39404  0.45300
239170552711.70670  0.61849
239171681806.01935  0.53995
239172810900.33203  0.23430
239173939994.64468  -0.04357
239175069088.95734  -0.06849
239176198183.26999  -0.33561
239177327277.58267  -0.27221
239178456371.89532  0.04331
239179585466.20798  0.65669
239180714560.52066  0.77438
239181843654.83331  0.63275
239182972749.14597  0.59719
239184101843.45862  0.39928
239185230937.77130  0.21892
239186360032.08395  0.07847
239187489126.39661  0.18283
239188618220.70929  0.33954
239189747315.02194  0.67213
239190876409.33459  0.96036
239192005503.64725  1.21263
239193134597.95993  1.24814
239194263692.27258  1.35618
239195392786.58524  1.59281
239196521880.89792  1.44251
239197650975.21057  1.55228
239198780069.52322  2.01354
239199909163.83588  2.40015
239201038258.14856  2.37696
239202167352.46121  2.21035
239203296446.77386  1.87296
239204425541.08655  1.62670
239205554635.39920  0.70377
239206683729.71185  0.20528
239207812824.02451  0.78032
239208941918.33719  1.79197
239210071012.64984  2.60407
239211200106.96249  3.74259
239212329201.27518  4.53074
239213458295.58783  4.21710
239214587389.90048  3.38723
239215716484.21317  1.95059
239216845578.52582  0.81352
239217974672.83847  0.24551
239219103767.15112  -0.06297
239220232861.46381  -0.47415
239221361955.77646  -0.71299
239222491050.08911  -0.63100
239223620144.40179  -0.59921
239224749238.71445  -0.55817
239225878333.02710  -0.41262
239227007427.33975  -0.47733
239228136521.65244  -0.54239
239229265615.96509  -0.28424
239230394710.27774  0.34033
239231523804.59042  0.88616
239232652898.90308  1.44883
239233781993.21573  2.11785
239234911087.52838  3.21617
239236040181.84106  2.96827
239237169276.15372  2.10032
239238298370.46637  1.05035
239239427464.77905  0.17801
239240556559.09171  -0.32981
239241685653.40436  -0.50398
239242814747.71701  -0.41356
239243943842.02969  -0.19562
239245072936.34235  0.08033
239246202030.65500  0.78299
239247331124.96768  2.09105
239248460219.28033  3.73507
239249589313.59299  4.10665
239250718407.90564  3.75577
239251847502.21832  3.97917
239252976596.53098  4.79931
239254105690.84363  4.27841
239255234785.15631  3.41189
239256363879.46896  2.55167
239257492973.78162  1.52026
239258622068.09427  0.76914
239259751162.40695  0.44853
239260880256.71960  0.43030
239262009351.03226  0.31523
239263138445.34494  -0.17091
239264267539.65759  -0.36685
239265396633.97025  -0.13910
239266525728.28293  -0.14838
239267654822.59558  -0.48655
239268783916.90823  -0.39155
239269913011.22089  -0.43866
239271042105.53357  -0.59437
239272171199.84622  -0.68529
239273300294.15887  -0.57155
239274429388.47156  -0.53359
239275558482.78421  -0.30990
239276687577.09686  -0.17920
239277816671.40952  -0.06599
239278945765.72220  -0.15197
239280074860.03485  -0.16050
239281203954.34750  -0.04697
239282333048.66019  0.23607
239283462142.97284  0.58285
239284591237.28549  0.88285
239285720331.59814  0.79320
239286849425.91083  0.65679
239287978520.22348  0.45736
239289107614.53613  0.39209
239290236708.84882  0.10413
239291365803.16147  0.09363
239292494897.47412  -0.10167
239293623991.78677  -0.18731
239294753086.09946  0.00959
239295882180.41211  0.08891
239297011274.72476  -0.06672
239298140369.03745  -0.31254
239299269463.35010  -0.42028
239300398557.66275  -0.44594
239301527651.97540  -0.46459
239302656746.28809  -0.57124
239303785840.60074  -0.49014
239304914934.91339  -0.24443
239306044029.22607  0.08572
239307173123.53873  0.18493
239308302217.85138  0.04495
239309431312.16403  -0.09521
239310560406.47672  -0.15135
239311689500.78937  -0.40017
239312818595.10202  -0.78026
239313947689.41470  -0.79779
239315076783.72736  -0.83832
239316205878.04001  -0.89815
239317334972.35269  -0.94334
239318464066.66534  -0.82969
239319593160.97800  -0.68991
239320722255.29065  -0.44026
239321851349.60333  -0.13772
239322980443.91599  0.12612
239324109538.22864  0.42088
239325238632.54132  0.72296
239326367726.85397  0.91661
239327496821.16663  0.80575
239328625915.47928  1.12313
239329755009.79196  1.16004
239330884104.10461  1.12127
239332013198.41727  0.69357
239333142292.72995  0.30166
239334271387.04260  0.28645
239335400481.35526  0.03121
239336529575.66791  -0.37977
239337658669.98059  0.06553
239338787764.29324  0.69184
239339916858.60590  1.00165
239341045952.91858  1.17900
239342175047.23123  1.97531
239343304141.54388  3.55483
239344433235.85654  5.37983
239345562330.16922  4.45342
239346691424.48187  3.50216
239347820518.79453  3.98666
239348949613.10721  4.02645
239350078707.41986  2.61460
239351207801.73251  0.46976
239352336896.04517  -0.38737
239353465990.35785  -0.62621
239354595084.67050  -0.69651
239355724178.98315  -0.74054
239356853273.29584  -0.77383
239357982367.60849  -0.89066
239359111461.92114  -0.89979
239360240556.23380  -0.92272
239361369650.54648  -1.01553
239362498744.85913  -0.76274
239363627839.17178  -0.58181
239364756933.48447  -0.57976
239365886027.79712  -0.37329
239367015122.10977  -0.20277
239368144216.42242  -0.08180
239369273310.73511  0.18384
239370402405.04776  0.24979
239371531499.36041  0.26853
239372660593.67310  0.25900
239373789687.98575  0.09328
239374918782.29840  -0.04113
239376047876.61108  -0.25163
239377176970.92374  -0.43921
239378306065.23639  -0.43688
239379435159.54904  -0.48255
239380564253.86172  -0.48802
239381693348.17438  -0.61005
239382822442.48703  -0.48665
239383951536.79971  -0.49959
239385080631.11237  -0.47420
239386209725.42502  -0.32707
239387338819.73767  0.24514
239388467914.05035  1.59913
239389597008.36301  2.82198
239390726102.67566  3.13179
239391855196.98834  3.00408
239392984291.30099  2.74353
239394113385.61365  2.67660
239395242479.92630  2.56853
239396371574.23898  2.09761
239397500668.55164  2.02191
239398629762.86429  1.77606
239399758857.17697  1.17473
239400887951.48962  1.03659
239402017045.80228  0.85145
239403146140.11493  0.09021
239404275234.42761  -0.23545
239405404328.74026  -0.41053
239406533423.05292  -0.10451
239407662517.36560  0.13102
239408791611.67825  0.10761
239409920705.99091  0.22492
239411049800.30356  0.30244
239412178894.61624  0.13259
239413307988.92889  -0.08576
239414437083.24155  -0.31587
239415566177.55423  -0.42256
239416695271.86688  -0.25711
239417824366.17953  -0.06431
239418953460.49219  -0.02595
239420082554.80487  -0.25062
239421211649.11752  -0.03679
239422340743.43018  -0.23095
239423469837.74286  -0.36085
239424598932.05551  -0.26409
239425728026.36816  0.04081
239426857120.68085  0.34197
239427986214.99350  0.50798
239429115309.30615  0.67397
239430244403.61880  1.53540
239431373497.93149  2.02462
239432502592.24414  1.95166
239433631686.55679  1.39204
239434760780.86948  1.02017
239435889875.18213  0.85023
239437018969.49478  0.39542
239438148063.80743  -0.25305
239439277158.12012  -0.38664
239440406252.43277  -0.24812
239441535346.74542  -0.11076
239442664441.05811  -0.06960
239443793535.37076  0.01003
239444922629.68341  0.32997
239446051723.99606  0.46665
239447180818.30875  0.23422
239448309912.62140  -0.00129
239449439006.93405  -0.02799
239450568101.24673  -0.02799
239451697195.55939  -0.33827
239452826289.87204  -0.54041
239453955384.18469  -0.34753
239455084478.49738  -0.29902
239456213572.81003  -0.33435
239457342667.12268  -0.28537
239458471761.43536  -0.04997
239459600855.74802  0.16685
239460729950.06067  0.26115
239461859044.37332  0.39653
239462988138.68600  0.61028
239464117232.99866  0.65031
239465246327.31131  0.47359
239466375421.62399  0.19142
239467504515.93665  -0.05755
239468633610.24930  -0.09646
239469762704.56195  0.26666
239470891798.87463  0.60661
239472020893.18729  0.66628
239473149987.49994  1.01922
239474279081.81262  1.77407
239475408176.12527  2.80536
239476537270.43793  3.85690
239477666364.75061  4.48308
239478795459.06326  4.42876
239479924553.37592  3.98441
239481053647.68857  3.64288
239482182742.00125  2.30087
239483311836.31390  0.30532
239484440930.62656  -0.41719
239485570024.93924  -0.63118
239486699119.25189  -0.30467
239487828213.56454  0.18592
239488957307.87720  0.29826
239490086402.18988  0.37139
239491215496.50253  0.83879
239492344590.81519  1.48390
239493473685.12787  1.68142
239494602779.44052  1.27629
239495731873.75317  1.40307
239496860968.06583  1.42667
239497990062.37851  1.11120
239499119156.69116  0.58972
239500248251.00381  0.16507
239501377345.31650  0.06635
239502506439.62915  -0.04828
239503635533.94180  -0.01218
239504764628.25446  -0.05523
239505893722.56714  -0.23822
239507022816.87979  -0.25309
239508151911.19244  -0.12496
239509281005.50513  -0.06370
239510410099.81778  0.18510
239511539194.13043  0.42768
239512668288.44308  0.43353
239513797382.75577  0.36858
239514926477.06842  0.45896
239516055571.38107  0.33321
239517184665.69376  0.15044
239518313760.00641  -0.13360
239519442854.31906  -0.19365
239520571948.63171  -0.30996
239521701042.94440  -0.41341
239522830137.25705  -0.43450
239523959231.56970  -0.63703
239525088325.88239  -0.69465
239526217420.19504  -0.78550
239527346514.50769  -0.71921
239528475608.82034  -0.56349
239529604703.13303  -0.40922
239530733797.44568  -0.51191
239531862891.75833  -0.48380
239532991986.07101  -0.47272
239534121080.38367  -0.47484
239535250174.69632  -0.38258
239536379269.00900  0.05421
239537508363.32166  0.17596
239538637457.63431  0.12030
239539766551.94696  0.47364
239540895646.25964  0.79060
239542024740.57230  1.00603
239543153834.88495  0.96686
239544282929.19763  0.76247
239545412023.51028  0.40464
239546541117.82294  0.20171
239547670212.13559  0.18278
239548799306.44827  0.39857
239549928400.76093  1.17232
239551057495.07358  1.62220
239552186589.38626  1.83658
239553315683.69891  2.39669
239554444778.01157  3.39323
239555573872.32422  3.10508
239556702966.63690  2.10395
239557832060.94955  1.90401
239558961155.26221  2.11100
239560090249.57489  2.09268
239561219343.88754  2.44701
239562348438.20020  3.07826
239563477532.51285  3.02059
239564606626.82553  2.95733
239565735721.13818  2.77939
239566864815.45084  2.23761
239567993909.76352  1.44464
239569123004.07617  0.99998
239570252098.38882  1.83041
239571381192.70148  2.46589
239572510287.01416  2.11744
239573639381.32681  2.23400
239574768475.63947  2.43629
239575897569.95215  2.42015
239577026664.26480  1.21541
239578155758.57745  0.37235
239579284852.89011  0.06533
239580413947.20279  -0.16088
239581543041.51544  -0.18817
239582672135.82809  -0.05840
239583801230.14078  0.06225
239584930324.45343  -0.05013
239586059418.76608  -0.04651
239587188513.07877  0.08021
239588317607.39142  -0.14991
239589446701.70407  -0.15478
239590575796.01672  -0.12813
239591704890.32941  -0.03690
239592833984.64206  0.16700
239593963078.95471  0.05950
239595092173.26740  -0.09811
239596221267.58005  -0.23765
239597350361.89270  -0.22893
239598479456.20535  -0.23601
239599608550.51804  -0.24375
239600737644.83069  -0.24871
239601866739.14334  -0.08247
239602995833.45602  -0.07000
239604124927.76868  0.46979
239605254022.08133  0.77939
239606383116.39398  0.57401
239607512210.70667  0.64339
239608641305.01932  1.11730
239609770399.33197  1.39764
239610899493.64465  1.42845
239612028587.95731  1.63664
239613157682.26996  2.11428
239614286776.58261  2.24663
239615415870.89529  1.64950
239616544965.20795  0.87093
239617674059.52060  0.40171
239618803153.83328  0.19344
239619932248.14594  0.01611
239621061342.45859  0.06747
239622190436.77124  0.89102
239623319531.08392  2.58473
239624448625.39658  4.91597
239625577719.70923  7.04031
239626706814.02191  10.23577
239627835908.33456  12.90060
239628965002.64722  12.31888
239630094096.95987  10.67380
239631223191.27255  8.80753
239632352285.58521  5.74819
239633481379.89786  3.03585
239634610474.21054  1.19659
239635739568.52319  0.19178
239636868662.83585  0.26417
239637997757.14850  0.74303
239639126851.46118  1.92820
239640255945.77383  2.36551
239641385040.08649  2.19339
239642514134.39917  2.40206
239643643228.71182  2.53336
239644772323.02448  2.16340
239645901417.33716  1.34988
239647030511.64981  0.47012
239648159605.96246  0.40989
239649288700.27512  0.51949
239650417794.58780  1.15912
239651546888.90045  2.11018
239652675983.21310  4.09621
239653805077.52579  5.05349
239654934171.83844  4.59572
239656063266.15109  4.81752
239657192360.46375  4.67658
239658321454.77643  3.84212
239659450549.08908  2.55893
239660579643.40173  2.05321
239661708737.71442  1.71677
239662837832.02707  1.80023
239663966926.33972  1.70162
239665096020.65237  1.59332
239666225114.96506  0.91458
239667354209.27771  0.13324
239668483303.59036  -0.18895
239669612397.90305  -0.48101
239670741492.21570  -0.38711
239671870586.52835  -0.08765
239672999680.84100  0.15028
239674128775.15369  0.48552
239675257869.46634  0.56115
239676386963.77899  0.67346
239677516058.09167  1.61703
239678645152.40433  2.30742
239679774246.71698  3.30862
239680903341.02963  5.84933
239682032435.34232  10.05182
239683161529.65497  14.17182
239684290623.96762  16.23345
239685419718.28030  16.22029
239686548812.59296  12.93833
239687677906.90561  9.73293
239688807001.21826  6.88036
239689936095.53094  4.80963
239691065189.84360  2.43178
239692194284.15625  0.76261
239693323378.46893  0.29262
239694452472.78159  0.27614
239695581567.09424  0.42878
239696710661.40692  1.12400
239697839755.71957  2.50497
239698968850.03223  4.85891
239700097944.34488  5.55520
239701227038.65756  6.05970
239702356132.97021  6.84496
239703485227.28287  7.02876
239704614321.59555  6.05075
239705743415.90820  4.88253
239706872510.22086  4.90493
239708001604.53351  7.20556
239709130698.84619  7.45130
239710259793.15884  6.54456
239711388887.47150  5.50842
239712517981.78418  4.23640
239713647076.09683  3.17068
239714776170.40948  1.21771
239715905264.72214  0.08391
239717034359.03482  -0.25600
239718163453.34747  -0.36566
239719292547.66013  -0.38164
239720421641.97281  -0.42076
239721550736.28546  -0.29513
239722679830.59811  -0.03795
239723808924.91077  -0.03328
239724938019.22345  0.14870
239726067113.53610  0.51124
239727196207.84875  0.71984
239728325302.16144  1.48988
239729454396.47409  4.33819
239730583490.78674  8.17650
239731712585.09940  9.51071
239732841679.41208  10.12606
239733970773.72473  10.97024
239735099868.03738  13.01369
239736228962.35007  10.75513
239737358056.66272  7.45512
239738487150.97537  6.53823
239739616245.28802  5.93021
239740745339.60071  5.10601
239741874433.91336  3.92723
239743003528.22601  5.18147
239744132622.53870  13.45361
239745261716.85135  22.33675
239746390811.16400  29.63137
239747519905.47668  34.79774
239748648999.78934  32.31839
239749778094.10199  25.00159
239750907188.41464  18.48775
239752036282.72733  12.07387
239753165377.03998  8.67360
239754294471.35263  6.21039
239755423565.66531  4.05973
239756552659.97797  2.64160
239757681754.29062  1.60685
239758810848.60327  1.41265
239759939942.91595  1.05829
239761069037.22861  0.91163
239762198131.54126  0.15058
239763327225.85394  -0.21259
239764456320.16660  -0.19757
239765585414.47925  -0.12291
239766714508.79190  0.04903
239767843603.10458  -0.02274
239768972697.41724  -0.04253
239770101791.72989  -0.15284
239771230886.04257  -0.25770
239772359980.35522  -0.32694
239773489074.66788  -0.06755
239774618168.98053  1.13392
239775747263.29321  3.34133
239776876357.60587  6.12861
239778005451.91852  7.25847
239779134546.23120  7.14464
239780263640.54385  7.59009
239781392734.85651  6.66819
239782521829.16916  4.44860
239783650923.48184  2.57983
239784780017.79449  1.16041
239785909112.10715  0.46959
239787038206.41983  0.37125
239788167300.73248  0.30664
239789296395.04514  1.05213
239790425489.35779  3.24805
239791554583.67047  6.01836
239792683677.98312  6.72866
239793812772.29578  6.50046
239794941866.60846  6.47981
239796070960.92111  5.81635
239797200055.23376  3.81039
239798329149.54642  1.77897
239799458243.85910  0.33517
239800587338.17175  0.10596
239801716432.48441  0.20757
239802845526.79709  0.25343
239803974621.10974  0.97141
239805103715.42239  2.29994
239806232809.73508  3.70953
239807361904.04773  6.71619
239808490998.36038  10.21880
239809620092.67303  11.94993
239810749186.98572  11.88074
239811878281.29837  11.00627
239813007375.61102  9.25665
239814136469.92371  7.26007
239815265564.23636  7.06437
239816394658.54901  7.60529
239817523752.86166  6.91105
239818652847.17435  6.25376
239819781941.48700  5.37954
239820911035.79965  4.90742
239822040130.11234  4.56125
239823169224.42499  6.17365
239824298318.73764  8.90667
239825427413.05029  10.80539
239826556507.36298  11.34447
239827685601.67563  11.98371
239828814695.98828  13.06431
239829943790.30096  13.84797
239831072884.61362  12.07596
239832201978.92627  10.93059
239833331073.23892  10.17621
239834460167.55161  10.14653
239835589261.86426  10.85657
239836718356.17691  10.81456
239837847450.48959  10.10330
239838976544.80225  9.36667
239840105639.11490  7.50477
239841234733.42755  5.01702
239842363827.74023  2.54901
239843492922.05289  0.96840
239844622016.36554  0.38021
239845751110.67822  2.21569
239846880204.99088  5.62545
239848009299.30353  9.00904
239849138393.61618  11.62415
239850267487.92886  14.38499
239851396582.24152  13.86505
239852525676.55417  11.75774
239853654770.86685  8.52468
239854783865.17950  5.62653
239855912959.49216  3.11314
239857042053.80484  1.41790
239858171148.11749  1.54170
239859300242.43015  1.01710
239860429336.74280  1.12496
239861558431.05548  0.90949
239862687525.36813  0.78551
239863816619.68079  0.95858
239864945713.99347  1.02666
239866074808.30612  0.70548
239867203902.61877  0.95320
239868332996.93143  1.67155
239869462091.24411  3.76161
239870591185.55676  6.47761
239871720279.86942  9.49919
239872849374.18210  10.08869
239873978468.49475  9.91266
239875107562.80740  8.98854
239876236657.12006  6.44280
239877365751.43274  4.04573
239878494845.74539  2.06249
239879623940.05804  0.54150
239880753034.37073  0.42235
239881882128.68338  0.60971
239883011222.99603  1.14117
239884140317.30869  1.51725
239885269411.62137  1.88358
239886398505.93402  2.41179
239887527600.24667  2.86340
239888656694.55936  2.71720
239889785788.87201  2.43231
239890914883.18466  2.15145
239892043977.49731  1.51500
239893173071.81000  0.56489
239894302166.12265  0.27405
239895431260.43530  0.25724
239896560354.74799  0.08889
239897689449.06064  -0.13883
239898818543.37329  -0.04942
239899947637.68594  -0.10147
239901076731.99863  -0.22274
239902205826.31128  -0.44506
239903334920.62393  -0.48872
239904464014.93661  -0.42331
239905593109.24927  -0.32394
239906722203.56192  -0.24433
239907851297.87457  0.46498
239908980392.18726  0.90814
239910109486.49991  0.95666
239911238580.81256  0.78476
239912367675.12524  0.59563
239913496769.43790  0.32478
239914625863.75055  -0.21301
239915754958.06323  -0.61806
239916884052.37589  -0.80827
239918013146.68854  -0.86632
239919142241.00119  -0.80570
239920271335.31387  -0.66893
239921400429.62653  -0.67783
239922529523.93918  -0.47708
239923658618.25186  -0.04891
239924787712.56451  0.75375
239925916806.87717  1.51515
239927045901.18982  1.87390
239928174995.50250  1.90797
239929304089.81516  2.20574
239930433184.12781  1.78011
239931562278.44049  0.94792
239932691372.75314  0.10759
239933820467.06580  -0.43157
239934949561.37845  -0.49257
239936078655.69113  -0.46712
239937207750.00378  -0.48904
239938336844.31644  -0.56779
239939465938.62912  -0.49672
239940595032.94177  -0.47442
239941724127.25443  -0.40240
239942853221.56708  -0.55992
239943982315.87976  -0.51363
239945111410.19241  -0.33177
239946240504.50507  0.04616
239947369598.81775  0.49896
239948498693.13040  1.46748
239949627787.44305  4.08536
239950756881.75571  7.66525
239951885976.06839  10.68492
239953015070.38104  11.18914
239954144164.69370  10.83053
239955273259.00638  10.23083
239956402353.31903  7.65246
239957531447.63168  4.88842
239958660541.94434  2.42536
239959789636.25702  0.63872
239960918730.56967  0.36799
239962047824.88232  -0.12978
239963176919.19501  -0.56984
239964306013.50766  -0.90129
239965435107.82031  -0.94808
239966564202.13300  -0.95246
239967693296.44565  -0.80090
239968822390.75830  -0.31620
239969951485.07095  0.28019
239971080579.38364  0.34840
239972209673.69629  0.36011
239973338768.00894  1.09717
239974467862.32162  3.23450
239975596956.63428  5.74716
239976726050.94693  6.77433
239977855145.25958  6.65074
239978984239.57227  6.95889
239980113333.88492  7.71770
239981242428.19757  6.38027
239982371522.51025  3.65180
239983500616.82291  2.35955
239984629711.13556  2.65523
239985758805.44821  2.11208
239986887899.76089  2.04815
239988016994.07355  1.77027
239989146088.38620  2.55078
239990275182.69888  3.33634
239991404277.01154  3.56327
239992533371.32419  3.33973
239993662465.63684  3.35978
239994791559.94952  3.78942
239995920654.26218  3.82714
239997049748.57483  3.30270
239998178842.88751  2.54636
239999307937.20016  2.07108
240000437031.51282  1.92501
240001566125.82547  2.15824
240002695220.13815  0.83185
240003824314.45081  -0.34071
240004953408.76346  -0.71619
240006082503.07614  -0.76535
240007211597.38879  -0.83751
240008340691.70145  -0.86564
240009469786.01410  -0.75898
240010598880.32678  -0.64279
240011727974.63943  -0.55893
240012857068.95209  -0.64276
240013986163.26477  -0.52676
240015115257.57742  -0.40006
240016244351.89008  -0.27780
240017373446.20276  -0.13906
240018502540.51541  0.09040
240019631634.82806  2.41984
240020760729.14072  4.53118
240021889823.45340  5.79679
240023018917.76605  7.01699
240024148012.07870  6.51937
240025277106.39139  5.28533
240026406200.70404  2.72934
240027535295.01669  0.81636
240028664389.32935  0.02755
240029793483.64203  -0.30808
240030922577.95468  -0.27462
240032051672.26733  0.00446
240033180766.58002  2.22183
240034309860.89267  4.14032
240035438955.20532  5.26127
240036568049.51797  6.30588
240037697143.83066  5.99608
240038826238.14331  4.80930
240039955332.45596  2.40871
240041084426.76865  0.58179
240042213521.08130  0.53286
240043342615.39395  0.74245
240044471709.70660  0.97608
240045600804.01929  0.90031
240046729898.33194  0.82403
240047858992.64459  0.89206
240048988086.95728  0.80227
240050117181.26993  0.75830
240051246275.58258  0.38019
240052375369.89523  0.17362
240053504464.20792  0.23716
240054633558.52057  0.36223
240055762652.83322  0.19619
240056891747.14590  -0.31858
240058020841.45856  -0.43129
240059149935.77121  -0.58972
240060279030.08386  -0.56113
240061408124.39655  -0.65443
240062537218.70920  -0.78891
240063666313.02185  -0.73394
240064795407.33453  -0.75756
240065924501.64719  -0.82921
240067053595.95984  -0.89789
240068182690.27249  -0.84151
240069311784.58517  -0.92929
240070440878.89783  -1.04325
240071569973.21048  -0.78365
240072699067.52316  -0.80702
240073828161.83582  -0.59626
240074957256.14847  -0.41036
240076086350.46115  -0.30721
240077215444.77380  -0.27359
240078344539.08646  -0.20583
240079473633.39911  -0.18508
240080602727.71179  -0.24783
240081731822.02444  -0.14766
240082860916.33710  -0.11317
240083990010.64978  -0.21109
240085119104.96243  -0.13537
240086248199.27509  0.71794
240087377293.58774  2.71355
240088506387.90042  6.45416
240089635482.21307  9.69797
240090764576.52573  10.63367
240091893670.83841  10.35032
240093022765.15106  9.17653
240094151859.46371  6.50606
240095280953.77637  3.55676
240096410048.08905  1.56688
240097539142.40170  0.31021
240098668236.71436  0.16286
240099797331.02704  0.05113
240100926425.33969  0.04419
240102055519.65234  -0.00541
240103184613.96500  0.15984
240104313708.27768  0.00958
240105442802.59033  -0.07979
240106571896.90298  0.00376
240107700991.21567  0.19590
240108830085.52832  0.30578
240109959179.84097  0.61617
240111088274.15363  0.42916
240112217368.46631  0.04036
240113346462.77896  -0.03325
240114475557.09161  -0.02207
240115604651.40430  -0.17037
240116733745.71695  -0.28226
240117862840.02960  -0.06454
240118991934.34225  0.07690
240120121028.65494  0.07727
240121250122.96759  -0.01757
240122379217.28024  -0.26187
240123508311.59293  -0.23383
240124637405.90558  -0.24983
240125766500.21823  -0.27991
240126895594.53088  -0.06407
240128024688.84357  0.29833
240129153783.15622  1.71680
240130282877.46887  3.41625
240131411971.78156  4.38366
240132541066.09421  4.86128
240133670160.40686  4.77229
240134799254.71954  4.31088
240135928349.03220  3.46964
240137057443.34485  2.14313
240138186537.65750  0.85382
240139315631.97018  0.22864
240140444726.28284  -0.13655
240141573820.59549  -0.34767
240142702914.90817  -0.61064
240143832009.22083  -0.54803
240144961103.53348  -0.49633
240146090197.84613  -0.19943
240147219292.15881  0.48887
240148348386.47147  0.71935
240149477480.78412  0.73352
240150606575.09680  0.66560
240151735669.40945  0.57705
240152864763.72211  0.43234
240153993858.03476  0.40953
240155122952.34744  0.66112
240156252046.66010  1.10056
240157381140.97275  1.31314
240158510235.28543  1.16197
240159639329.59808  0.98059
240160768423.91074  0.67723
240161897518.22339  -0.06063
240163026612.53607  -0.41359
240164155706.84872  -0.45155
240165284801.16138  -0.32464
240166413895.47406  -0.27927
240167542989.78671  -0.17300
240168672084.09937  0.11434
240169801178.41202  0.20640
240170930272.72470  0.25339
240172059367.03735  0.49856
240173188461.35001  1.00346
240174317555.66269  1.61548
240175446649.97534  1.44901
240176575744.28799  1.46224
240177704838.60065  1.79489
240178833932.91333  1.94977
240179963027.22598  1.39717
240181092121.53864  0.81942
240182221215.85132  0.67700
240183350310.16397  1.53588
240184479404.47662  4.23874
240185608498.78931  7.18540
240186737593.10196  8.55837
240187866687.41461  8.73137
240188995781.72726  7.45431
240190124876.03995  5.77888
240191253970.35260  3.41481
240192383064.66525  1.32348
240193512158.97794  0.59710
240194641253.29059  0.34280
240195770347.60324  0.59620
240196899441.91589  1.00982
240198028536.22858  1.54266
240199157630.54123  1.94639
240200286724.85388  2.31365
240201415819.16656  2.79172
240202544913.47922  2.89538
240203674007.79187  2.57189
240204803102.10452  2.10760
240205932196.41721  1.61855
240207061290.72986  1.31445
240208190385.04251  0.42481
240209319479.35519  -0.11120
240210448573.66785  -0.17798
240211577667.98050  -0.21495
240212706762.29315  -0.19424
240213835856.60583  -0.08208
240214964950.91849  0.15423
240216094045.23114  0.49323
240217223139.54382  1.10479
240218352233.85648  1.66765
240219481328.16913  1.77036
240220610422.48178  1.86972
240221739516.79446  2.26529
240222868611.10712  2.31509
240223997705.41977  2.16449
240225126799.73245  1.96888
240226255894.04510  1.80976
240227384988.35776  1.49172
240228514082.67041  1.12114
240229643176.98309  0.73921
240230772271.29575  0.18708
240231901365.60840  -0.12634
240233030459.92108  -0.19631
240234159554.23373  0.06009
240235288648.54639  0.17907
240236417742.85907  0.19294
240237546837.17172  0.28804
240238675931.48438  3.00106
240239805025.79703  8.94597
240240934120.10971  14.26334
240242063214.42236  18.08027
240243192308.73502  19.67465
240244321403.04770  17.20140
240245450497.36035  13.86210
240246579591.67300  8.59833
240247708685.98566  3.64518
240248837780.29834  1.62020
240249966874.61099  0.62099
240251095968.92365  0.44376
240252225063.23633  0.20701
240253354157.54898  0.05905
240254483251.86163  -0.05747
240255612346.17429  -0.09735
240256741440.48697  -0.03927
240257870534.79962  0.19391
240258999629.11227  0.50171
240260128723.42496  1.72199
240261257817.73761  3.48235
240262386912.05026  4.54512
240263516006.36292  4.50668
240264645100.67560  6.41334
240265774194.98825  10.09536
240266903289.30090  13.26982
240268032383.61359  14.71265
240269161477.92624  12.81130
240270290572.23889  10.70853
240271419666.55154  7.09601
240272548760.86423  3.58947
240273677855.17688  2.01451
240274806949.48953  1.06197
240275936043.80222  0.74955
240277065138.11487  0.58700
240278194232.42752  0.33567
240279323326.74017  0.06700
240280452421.05286  0.03450
240281581515.36551  0.23104
240282710609.67816  0.41803
240283839703.99084  0.44316
240284968798.30350  0.49927
240286097892.61615  0.58312
240287226986.92883  0.46506
240288356081.24149  0.28500
240289485175.55414  0.23692
240290614269.86679  0.10561
240291743364.17947  0.03091
240292872458.49213  0.08566
240294001552.80478  0.13524
240295130647.11746  0.01014
240296259741.43011  -0.41317
240297388835.74277  -0.57778
240298517930.05542  -0.63873
240299647024.36810  -0.43404
240300776118.68076  0.00800
240301905212.99341  0.87494
240303034307.30609  1.68758
240304163401.61874  1.83607
240305292495.93140  2.00497
240306421590.24405  1.80947
240307550684.55673  1.47436
240308679778.86938  0.63445
240309808873.18204  -0.32625
240310937967.49472  -0.37294
240312067061.80737  -0.22350
240313196156.12003  -0.07360
240314325250.43268  0.18389
240315454344.74536  0.45166
240316583439.05801  1.73038
240317712533.37067  4.37436
240318841627.68335  8.53422
240319970721.99600  11.83695
240321099816.30865  12.82944
240322228910.62131  11.72417
240323358004.93399  8.85431
240324487099.24664  6.21053
240325616193.55930  3.96930
240326745287.87198  2.60719
240327874382.18463  1.88212
240329003476.49728  1.42406
240330132570.80994  1.98154
240331261665.12262  3.48393
240332390759.43527  4.23851
240333519853.74792  3.71906
240334648948.06061  3.16743
240335778042.37326  3.01590
240336907136.68591  2.28190
240338036230.99857  0.65673
240339165325.31125  -0.06868
240340294419.62390  -0.25708
240341423513.93655  -0.42127
240342552608.24924  -0.46235
240343681702.56189  -0.31144
240344810796.87454  -0.35129
240345939891.18723  -0.35229
240347068985.49988  -0.13145
240348198079.81253  0.05866
240349327174.12518  -0.00470
240350456268.43787  -0.10839
240351585362.75052  -0.14819
240352714457.06317  -0.29952
240353843551.37585  -0.42572
240354972645.68851  -0.47843
240356101740.00116  -0.38992
240357230834.31381  -0.21513
240358359928.62650  -0.17370
240359489022.93915  -0.07471
240360618117.25180  0.07079
240361747211.56448  0.33651
240362876305.87714  0.54932
240364005400.18979  0.53153
240365134494.50244  0.75013
240366263588.81512  1.03533
240367392683.12778  1.03319
240368521777.44043  0.65260
240369650871.75311  0.45428
240370779966.06577  0.44188
240371909060.37842  0.25775
240373038154.69107  -0.00820
240374167249.00375  -0.00506
240375296343.31641  -0.03241
240376425437.62906  -0.15577
240377554531.94174  -0.26123
240378683626.25439  0.11350
240379812720.56705  1.25278
240380941814.87970  4.94608
240382070909.19238  8.24045
240383200003.50504  10.08247
240384329097.81769  9.82565
240385458192.13037  9.58414
240386587286.44302  8.51522
240387716380.75568  5.87447
240388845475.06833  4.28962
240389974569.38101  4.01330
240391103663.69366  5.85117
240392232758.00632  9.92212
240393361852.31900  13.28787
240394490946.63165  15.35913
240395620040.94431  14.52070
240396749135.25696  12.84040
240397878229.56964  9.38982
240399007323.88229  5.14398
240400136418.19495  3.10853
240401265512.50763  1.91082
240402394606.82028  1.52644
240403523701.13293  1.30216
240404652795.44562  1.35145
240405781889.75827  0.67642
240406910984.07092  0.19635
240408040078.38358  0.10589
240409169172.69626  0.17369
240410298267.00891  0.31020
240411427361.32156  0.37788
240412556455.63425  0.30467
240413685549.94690  0.24226
240414814644.25955  0.12744
240415943738.57220  -0.00415
240417072832.88489  0.19433
240418201927.19754  1.45047
240419331021.51019  2.59664
240420460115.82288  3.42454
240421589210.13553  4.31577
240422718304.44818  4.38643
240423847398.76083  4.22290
240424976493.07352  3.49703
240426105587.38617  4.06882
240427234681.69882  5.21198
240428363776.01151  7.81932
240429492870.32416  11.17334
240430621964.63681  12.26467
240431751058.94946  11.70630
240432880153.26215  9.62635
240434009247.57480  7.34043
240435138341.88745  5.50320
240436267436.20013  4.11139
240437396530.51279  3.84791
240438525624.82544  3.53534
240439654719.13809  2.97198
240440783813.45078  2.72043
240441912907.76343  2.94927
240443042002.07608  3.38314
240444171096.38876  3.02043
240445300190.70142  3.04377
240446429285.01407  3.36224
240447558379.32672  3.08846
240448687473.63940  2.11088
240449816567.95206  1.65574
240450945662.26471  1.70676
240452074756.57739  1.89406
240453203850.89005  3.05324
240454332945.20270  4.78285
240455462039.51538  4.83794
240456591133.82803  4.66774
240457720228.14069  4.95442
240458849322.45334  5.66525
240459978416.76602  5.31835
240461107511.07867  3.63226
240462236605.39133  2.96223
240463365699.70401  2.61058
240464494794.01666  2.46070
240465623888.32932  1.83986
240466752982.64197  0.25435
240467882076.95465  -0.23726
240469011171.26730  -0.48899
240470140265.57996  -0.25786
240471269359.89264  0.19058
240472398454.20529  0.52395
240473527548.51794  0.82673
240474656642.83060  1.05240
240475785737.14328  1.26797
240476914831.45593  1.15189
240478043925.76859  0.72279
240479173020.08127  0.20506
240480302114.39392  0.03429
240481431208.70657  -0.06269
240482560303.01923  -0.44293
240483689397.33191  -0.68284
240484818491.64456  -0.67847
240485947585.95721  -0.57239
240487076680.26990  -0.56019
240488205774.58255  -0.67633
240489334868.89520  -0.78032
240490463963.20786  -0.75058
240491593057.52054  -0.77581
240492722151.83319  -0.91092
240493851246.14584  -0.96088
240494980340.45853  -0.88174
240496109434.77118  -0.66240
240497238529.08383  -0.38115
240498367623.39648  0.26591
240499496717.70917  0.88824
240500625812.02182  1.58523
240501754906.33447  1.62217
240502884000.64716  1.69325
240504013094.95981  1.78318
240505142189.27246  1.67346
240506271283.58514  1.08404
240507400377.89780  0.31312
240508529472.21045  -0.08122
240509658566.52310  -0.01858
240510787660.83578  0.19927
240511916755.14844  0.64779
240513045849.46109  0.87424
240514174943.77377  1.06013
240515304038.08643  1.94366
240516433132.39908  2.27962
240517562226.71173  3.03490
240518691321.02441  3.57033
240519820415.33707  3.20351
240520949509.64972  3.06059
240522078603.96240  3.21737
240523207698.27505  3.47524
240524336792.58771  3.46492
240525465886.90036  2.61831
240526594981.21304  2.38951
240527724075.52570  2.18636
240528853169.83835  2.13014
240529982264.15103  1.91722
240531111358.46368  1.28626
240532240452.77634  0.72802
240533369547.08899  0.35249
240534498641.40167  0.10398
240535627735.71432  0.05553
240536756830.02698  0.05292
240537885924.33966  -0.14410
240539015018.65231  -0.06580
240540144112.96497  -0.04438
240541273207.27762  0.16370
240542402301.59030  1.26019
240543531395.90295  2.58632
240544660490.21561  2.55610
240545789584.52829  2.82284
240546918678.84094  4.63766
240548047773.15359  7.41028
240549176867.46625  8.89014
240550305961.77893  8.91529
240551435056.09158  7.24170
240552564150.40424  6.26017
240553693244.71692  3.83899
240554822339.02957  1.38289
240555951433.34222  0.09495
240557080527.65491  -0.23018
240558209621.96756  -0.33360
240559338716.28021  -0.16721
240560467810.59286  0.22423
240561596904.90555  0.44129
240562725999.21820  1.60397
240563855093.53085  2.78556
240564984187.84354  3.20365
240566113282.15619  3.85650
240567242376.46884  3.97177
240568371470.78149  4.12076
240569500565.09418  4.04480
240570629659.40683  3.91513
240571758753.71948  3.20421
240572887848.03217  2.62885
240574016942.34482  2.80442
240575146036.65747  3.89488
240576275130.97012  3.86674
240577404225.28281  3.19602
240578533319.59546  3.51928
240579662413.90811  4.58583
240580791508.22079  5.17360
240581920602.53345  4.21103
240583049696.84610  3.81059
240584178791.15875  3.75180
240585307885.47144  2.93715
240586436979.78409  2.04082
240587566074.09674  1.43133
240588695168.40942  0.59639
240589824262.72208  0.51554
240590953357.03473  0.88930
240592082451.34738  1.74642
240593211545.66006  2.22925
240594340639.97272  1.78246
240595469734.28537  1.86003
240596598828.59805  1.93196
240597727922.91071  1.87264
240598857017.22336  1.30850
240599986111.53601  0.66936
240601115205.84869  0.35022
240602244300.16135  0.26726
240603373394.47400  0.27105
240604502488.78668  0.16463
240605631583.09933  0.18470
240606760677.41199  0.73099
240607889771.72464  1.19466
240609018866.03732  1.10103
240610147960.34998  1.12979
240611277054.66263  1.36713
240612406148.97531  1.28331
240613535243.28796  0.84220
240614664337.60062  0.50450
240615793431.91330  -0.01665
240616922526.22595  -0.24169
240618051620.53860  -0.49820
240619180714.85126  -0.72793
240620309809.16394  -0.82181
240621438903.47659  -0.93652
240622567997.78925  -1.14459
240623697092.10193  -1.14461
240624826186.41458  -1.08246
240625955280.72723  -1.09297
240627084375.03989  -1.08852
240628213469.35257  -0.81219
240629342563.66522  -0.71075
240630471657.97787  -0.61545
240631600752.29056  -0.54107
240632729846.60321  -0.21315
240633858940.91586  0.45767
240634988035.22852  1.54259
240636117129.54120  1.96332
240637246223.85385  1.98167
240638375318.16650  2.21943
240639504412.47919  2.35504
240640633506.79184  1.80406
240641762601.10449  0.93357
240642891695.41714  0.49354
240644020789.72983  0.63157
240645149884.04248  0.30303
240646278978.35513  0.08675
240647408072.66782  0.08004
240648537166.98047  0.15353
240649666261.29312  0.16647
240650795355.60577  0.41456
240651924449.91846  0.87069
240653053544.23111  1.37054
240654182638.54376  1.52458
240655311732.85645  1.21947
240656440827.16910  0.79875
240657569921.48175  0.56133
240658699015.79440  0.17093
240659828110.10709  -0.23744
240660957204.41974  -0.51384
240662086298.73239  -0.55896
240663215393.04507  -0.53758
240664344487.35773  -0.76103
240665473581.67038  -0.79009
240666602675.98303  -0.62004
240667731770.29572  -0.71787
240668860864.60837  -0.66000
240669989958.92102  -0.66283
240671119053.23370  -0.74564
240672248147.54636  -0.53250
240673377241.85901  -0.18366
240674506336.17169  -0.43027
240675635430.48434  -0.34315
240676764524.79700  -0.09503
240677893619.10965  0.33169
240679022713.42233  0.22120
240680151807.73499  -0.11835
240681280902.04764  -0.19906
240682409996.36032  -0.09574
240683539090.67297  -0.27348
240684668184.98563  -0.61460
240685797279.29828  -0.87741
240686926373.61096  -1.13536
240688055467.92361  -1.10765
240689184562.23627  -0.95055
240690313656.54895  -0.82251
240691442750.86160  -0.58808
240692571845.17426  -0.39584
240693700939.48691  -0.37504
240694830033.79959  -0.31109
240695959128.11224  -0.21665
240697088222.42490  -0.06669
240698217316.73758  0.08485
240699346411.05023  0.48814
240700475505.36288  1.29661
240701604599.67554  1.66654
240702733693.98822  1.62404
240703862788.30087  1.64455
240704991882.61353  1.62984
240706120976.92621  1.33660
240707250071.23886  0.60063
240708379165.55151  -0.06864
240709508259.86417  -0.29630
240710637354.17685  -0.19080
240711766448.48950  0.15671
240712895542.80215  0.35813
240714024637.11484  0.56818
240715153731.42749  1.62525
240716282825.74014  2.59266
240717411920.05280  3.28586
240718541014.36548  4.61073
240719670108.67813  4.46462
240720799202.99078  4.30618
240721928297.30347  3.91377
240723057391.61612  2.78701
240724186485.92877  1.25732
240725315580.24146  0.50011
240726444674.55411  0.63221
240727573768.86676  0.43881
240728702863.17941  0.21601
240729831957.49210  0.41509
240730961051.80475  0.45759
